    10001,
    10011,9000011,9002011,9003011,9004011,9005011,9006011,9007011,9008011,9011011,9012011
    10021,
    10031,
    10041,
    10051,
    10061,
    10071,
    10081,
    10091,
    1001,10101,
    10101
    10111,
    10121,
    10131,10012, 11001,
    0,
    11001,
    11011,
    11021,
    11031,
    11041,
    11051,
    11061,
    11071,
    11081,
    11091,
    11101,
    1101, 11111,
    11111
    11121,
    11131,
    11141,
    11151,11012, 12001,
    0,
    12001,
    12011,
    12021,
    12031,
    12041,
    12051,
    12061,
    12071,
    12081,
    12091,
    12101,
    12111,
    12121,
    1201, 12131,
    12131
    12141,
    12151,
    12161,
    12171,
    12181,12012, 13001,
    0,
    13001,
    13011,
    13021,
    13031,
    13041,
    13051,
    13061,
    13071,
    13081,
    13091,
    13101,
    13111,
    13121,
    1301, 13131,
    13131
    13141,
    13151,
    13161,
    13171,13012, 14001,
    0,
    14001,
    14011,
    14021,
    14031,
    14041,
    14051,
    14061,
    14071,
    14081,
    14091,
    14101,
    14111,
    14121,
    1401, 14131,
    14131
    14141,
    14151,
    14161,
    14171,14012, 15001,
    0,
    15001,
    15011,
    15021,
    15031,
    15041,
    15051,
    15061,
    15071,
    15081,
    15091,
    15101,
    1501, 15111,
    15111
    15121,
    15131,
    15141,
    15151,
    15161,
    15171,15012, 16001,
    0,
    16001,
    16011,
    16021,
    16031,
    16041,
    16051,
    16061,
    16071,
    16081,
    16091,
    16101,
    1601, 16111,
    16111
    16121,
    16131,
    16141,
    16151,
    16161,
    16171,16012, 17001,
    0,
    17001,
    17011,
    17021,
    17031,
    17041,
    17051,
    17061,
    17071,
    17081,
    17091,
    1701, 17101,
    17101
    17111,
    17121,
    17131,
    17141,
    17991,17012, 5001011,
    0,
    5001011,
    5001021,
    5001031,
    5001041,
    5001051,
    5001061,
    5001071,
    5001081,5001022,5002011
    0,
    5002011,
    5002021,
    5002031,
    5002041,
    5002051,
    5002061,
    5002071,
    5002081,5002022,5003011
    0,
    5003011,
    5003021,
    5003031,
    5003041,
    5003051,
    5003061,
    5003071,
    5003081,5003022,5004011
    0,
    5004011,
    5004021,
    5004031,
    5004041,
    5004051,
    5004061,
    5004071,
    5004081,5004022,5005011
    0,
    5005011,
    5005021,
    5005031,
    5005041,
    5005051,
    5005061,
    5005071,
    5005081,5005022,5006011
    0,
    5006011,
    5006021,
    5006031,
    5006041,
    5006051,
    5006061,
    5006071,
    5006081,
    5006091,5006022,18001
    0,
    18001,
    18011,
    18021,
    18031,
    18041,
    18051,
    18061,
    18071,
    1801, 18081,
    18081
    18091,
    18101,
    18111,
    18121,
    18171,18012,19001
    0,
    19001,
    19011,
    19021,
    19031,
    19041,
    19051,
    19061,
    19071,
    1901, 19081,
    19081
    19091,
    19101,
    19111,
    19121,
    19131,19012,20001
    0,
    20001,
    20011,
    20021,
    20031,
    20041,
    20051,
    20061,
    20071,
    2001, 20081,
    20081
    20091,
    20101,
    20111,
    20121,
    20131,20012,21001
    0,
    21001,
    21011,
    21021,
    21031,
    21041,
    21051,
    21061,
    21071,
    21081,
    21091,
    21101,
    2101, 21111,
    21111
    21121,
    21131,
    21141,
    21151,
    21161,21012,22001
    0,
    22001,
    22011,
    22021,
    22031,
    22041,
    22051,
    22061,
    22071,
    22081,
    22091,
    22101,
    2201, 22111,
    22111
    22121,
    22131,
    22141,
    22151,
    22161,
    22171,
    22181,22012,23001
    0,
    23001,
    23011,
    23021,
    23031,
    23041,
    23051,
    23061,
    23071,
    23081,
    23091,
    2301, 23101,
    23101
    23111,
    23121,
    23131,
    23141,
    23151,
    23161,
    23171,
    23181,23012,24001
    0,
    24001,
    24011,
    24021,
    24031,
    24041,
    24051,
    24061,
    24071,
    24081,
    24091,
    2401, 24101,
    24101
    24111,
    24121,
    24131,
    24141,
    24151,
    24161,
    24171,
    24181,24012,25001
    0,
    25001,
    25011,
    25021,
    25031,
    25041,
    25051,
    25061,
    25071,
    25081,
    25091,
    25101,
    2501, 25111,
    25111,
    25121,
    25131,
    25141,
    25151,
    25161,25012,26001
    0,
    26001,
    26011,
    26021,
    26031,
    26041,
    26051,
    26061,
    26071,
    26081,
    26091,
    2601, 26101,
    26101,
    26111,
    26121,
    26131,
    26141,
    26151,
    26161,
    26171,26012,
    0,
    10012,
    10022,
    10032,
    10042,
    10052,
    10062,
    10072,
    10082,
    10092,1002
    1002,
    10102,
    10112,
    10122,10013,
    0,
    11012,
    11022,
    11032,
    11042,
    11052,
    11062,
    11072,
    11082,
    11092,
    11102,
    1102,11112
    11112,
    11122,
    11132,
    11142,11013,
    0,
    12012,
    12022,
    12032,
    12042,
    12052,
    12062,
    12072,
    12082,
    12092,
    12102,
    12112,
    12122,
    1202,12132
    12132,
    12142,
    12152,
    12162,
    12172,12013,
    0,
    13012,
    13022,
    13032,
    13042,
    13052,
    13062,
    13072,
    13082,
    13092,
    13102,
    13112,
    13122,
    1302,13122
    13132,
    13142,
    13152,
    13162,13013,
    0,
    14012,
    14022,
    14032,
    14042,
    14052,
    14062,
    14072,
    14082,
    14092,
    14102,
    14112,
    14122,
    1402,14132
    14132,
    14142,
    14152,
    14162,14013,
    0,
    15012,
    15022,
    15032,
    15042,
    15052,
    15062,
    15072,
    15082,
    15092,
    15102,
    1502,15112
    15112,
    15122,
    15132,
    15142,
    15152,15013,
    0,
    16012,
    16022,
    16032,
    16042,
    16052,
    16062,
    16072,
    16082,
    16092,
    16102,
    1602,16112
    16112,
    16122,
    16132,
    16142,
    16152,
    16162,16013,
    0,
    17012,
    17022,
    17032,
    17042,
    17052,
    17062,
    17072,
    17082,
    17092,
    1702,17102
    17102,
    17112,
    17122,
    17132,17013,
    0,
    5001022,
    5001032,
    5001042,
    5001052,
    5001062,
    5001072,5001023,
    0,
    5002022,
    5002032,
    5002042,
    5002052,
    5002062,
    5002072,5002023,
    0,
    5003022,
    5003032,
    5003042,
    5003052,
    5003062,
    5003072,5003023,
    0,
    5004022,
    5004032,
    5004042,
    5004052,
    5004062,
    5004072,5004023,
    0,
    5005022,
    5005032,
    5005042,
    5005052,
    5005062,
    5005072,5005023,
    0,
    5006022,
    5006032,
    5006042,
    5006052,
    5006062,
    5006072,
    5006082,5006023,
    0,
    18012,
    18022,
    18032,
    18042,
    18052,
    18062,
    18072,
    1802,18082
    18082,
    18092,
    18102,
    18112,
    18122,18013,
    0,
    19012,
    19022,
    19032,
    19042,
    19052,
    19062,
    19072,
    1902,19082
    19082,
    19092,
    19102,
    19112,
    19122,19013,
    0,
    20012,
    20022,
    20032,
    20042,
    20052,
    20062,
    20072,
    2002,20082
    20082,
    20092,
    20102,
    20112,
    20122,20013,
    0,
    21012,
    21022,
    21032,
    21042,
    21052,
    21062,
    21072,
    21082,
    21092,
    21102,
    2102,21112
    21112,
    21122,
    21132,
    21142,
    21152,21013,
    0,
    22012,
    22022,
    22032,
    22042,
    22052,
    22062,
    22072,
    22082,
    22092,
    22102,
    2202,22112
    22112,
    22122,
    22132,
    22142,
    22152,
    22162,22013,
    0,
    23012,
    23022,
    23032,
    23042,
    23052,
    23062,
    23072,
    23082,
    23092,
    2302,23102
    23102,
    23112,
    23122,
    23132,
    23142,
    23152,
    23162,23013,
    0,
    24012,
    24022,
    24032,
    24042,
    24052,
    24062,
    24072,
    24082,
    24092,
    2402,24102
    24102,
    24112,
    24122,
    24132,
    24142,
    24152,
    24162,
    24172,24013,
    0,
    25012,
    25022,
    25032,
    25042,
    25052,
    25062,
    25072,
    25082,
    25092,
    25102,
    2502,25112
    25112,
    25122,
    25132,
    25142,
    25152,25013,
    0,
    26012,
    26022,
    26032,
    26042,
    26052,
    26062,
    26072,
    26082,
    26092,
    2602,26102
    26102,
    26112,
    26122,
    26132,
    26142,
    26152,
    26162,26013,
    0,
    10013,
    10023,
    10033,
    10043,
    10053,
    10063,
    10073,
    10083,
    10093,
    1003,10103
    10103,
    10113,
    10123,
    0,
    11013,
    11023,
    11033,
    11043,
    11053,
    11063,
    11073,
    11083,
    11093,
    11103,
    1103,11113
    11113,
    11123,
    11133,
    11143,
    0,
    12013,
    12023,
    12033,
    12043,
    12053,
    12063,
    12073,
    12083,
    12093,
    12103,
    12113,
    12123,
    1203,12133
    12133,
    12143,
    12153,
    12163,
    12173,
    0,
    13013,
    13023,
    13033,
    13043,
    13053,
    13063,
    13073,
    13083,
    13093,
    13103,
    13113,
    13123,
    1303,13133
    13133,
    13143,
    13153,
    13163,
    0,
    14013,
    14023,
    14033,
    14043,
    14053,
    14063,
    14073,
    14083,
    14093,
    14103,
    14113,
    14123,
    1403,14133
    14133,
    14143,
    14153,
    14163,
    0,
    15013,
    15023,
    15033,
    15043,
    15053,
    15063,
    15073,
    15083,
    15093,
    15103,
    1503,15113
    15113,
    15123,
    15133,
    15143,
    15153,
    0,
    16013,
    16023,
    16033,
    16043,
    16053,
    16063,
    16073,
    16083,
    16093,
    16103,
    1603,16113
    16113,
    16123,
    16133,
    16143,
    16153,
    16163,
    0,
    17013,
    17023,
    17033,
    17043,
    17053,
    17063,
    17073,
    17083,
    17093,
    1703,17103
    17103,
    17113,
    17123,
    17133,
    0,
    5001023,
    5001033,
    5001043,
    5001053,
    5001063,
    5001073,
    0,
    5002023,
    5002033,
    5002043,
    5002053,
    5002063,
    5002073,
    0,
    5003023,
    5003033,
    5003043,
    5003053,
    5003063,
    5003073,
    0,
    5004023,
    5004033,
    5004043,
    5004053,
    5004063,
    5004073,
    0,
    5005023,
    5005033,
    5005043,
    5005053,
    5005063,
    5005073,
    0,
    5006023,
    5006033,
    5006043,
    5006053,
    5006063,
    5006073,
    5006083,
    0,
    18013,
    18023,
    18033,
    18043,
    18053,
    18063,
    18073,
    1803,18083
    18083,
    18093,
    18103,
    18113,
    18123,
    0,
    19013,
    19023,
    19033,
    19043,
    19053,
    19063,
    19073,
    1903,19083
    19083,
    19093,
    19103,
    19113,
    19123,
    0,
    20013,
    20023,
    20033,
    20043,
    20053,
    20063,
    20073,
    2003,20083
    20083,
    20093,
    20103,
    20113,
    20123,
    0,
    21013,
    21023,
    21033,
    21043,
    21053,
    21063,
    21073,
    21083,
    21093,
    21103,
    2103,21113
    21113,
    21123,
    21133,
    21143,
    21153,
    0,
    22013,
    22023,
    22033,
    22043,
    22053,
    22063,
    22073,
    22083,
    22093,
    22103,
    2203,22113
    22113,
    22123,
    22133,
    22143,
    22153,
    22163,
    0,
    23013,
    23023,
    23033,
    23043,
    23053,
    23063,
    23073,
    23083,
    23093,
    2303,23103
    23103,
    23113,
    23123,
    23133,
    23143,
    23153,
    23163,
    0,
    24013,
    24023,
    24033,
    24043,
    24053,
    24063,
    24073,
    24083,
    24093,
    2403,24103
    24103,
    24113,
    24123,
    24133,
    24143,
    24153,
    24163,
    24173,
    0,
    25013,
    25023,
    25033,
    25043,
    25053,
    25063,
    25073,
    25083,
    25093,
    25103,
    2503,25113
    25113,
    25123,
    25133,
    25143,
    25153,
    0,
    26013,
    26023,
    26033,
    26043,
    26053,
    26063,
    26073,
    26083,
    26093,
    2603,26103
    26103,
    26113,
    26123,
    26133,
    26143,
    26153,
    26163,
    0,
    9000011
    9000021,
    9000031,
    9000041,
    9000051,
    9000061,
    9000071,
    9000081,
    9000091, 9000022,
    0,
    9002011,
    9002021,
    9002031,
    9002041,
    9002051,9002022,
    0,
    9003011,
    9003021,
    9003031,
    9003041,
    9003051,9003022,
    0,
    9004011,
    9004021,
    9004031,
    9004041,
    9004051,9004022,
    0,
    9005011,
    9005021,
    9005031,
    9005041,
    9005051,9005022,
    0,
    9006011,
    9006021,
    9006031,
    9006041,
    9006051,9006022,
    0,
    9007011,
    9007021,
    9007031,
    9007041,
    9007051,9007022,
    0,
    9008011,
    9008021,
    9008031,
    9008041,
    9008051,9008022,
    0,
    9011011,
    9011021,
    9011031,
    9011041,
    9011051,9011022,
    0,
    9012011,
    9012021,
    9012031,
    9012041,
    9012051,9012022,
    0,
    9000022,
    9000032,
    9000042,
    9000052,
    9000062,
    9000072,
    9000082,9000023,
    0,
    9002022,
    9002032,
    9002042,9002023,
    0,
    9003022,
    9003032,
    9003042,9003023,
    0,
    9004022,
    9004032,
    9004042,9004023,
    0,
    9005022,
    9005032,
    9005042,9005023,
    0,
    9006022,
    9006032,
    9006042,9006023,
    0,
    9007022,
    9007032,
    9007042,9007023,
    0,
    9008022,
    9008032,
    9008042,9008023,
    0,
    9011022,
    9011032,
    9011042,9011023,
    0,
    9012022,
    9012032,
    9012042,9012023,
    0,
    9000023,
    9000033,
    9000043,
    9000053,
    9000063,
    9000073,
    9000083,
    0,
    9002023,
    9002033,
    9002043,
    0,
    9003023,
    9003033,
    9003043,
    0,
    9004023,
    9004033,
    9004043,
    0,
    9005023,
    9005033,
    9005043,
    0,
    9006023,
    9006033,
    9006043,
    0,
    9007023,
    9007033,
    9007043,
    0,
    9008023,
    9008033,
    9008043,
    0,
    9011023,
    9011033,
    9011043,
    0,
    9012023,
    9012033,
    9012043,