25430
25480
25470
24520
23530
23535
25540
10140
10150
10130
10120
10110
10840
10860
23930
10810
10830
10820
10850
11750
25140
11760
24690
11710
11720
20210
25230
25250
11730
23420
11740
12110
12160
12140
12120
12170
12130
12150
24590
24300
11850
25200
24330
23990
21610
24990
24940
11810
25080
25030
25490
25170
24450
24640
11820
11840
24920
25400
11830
25500
25100
23980
11860
24780
24970
10510
10520
10560
10540
10530
25120
25110
10570
10550
10740
10760
10720
24580
10730
10710
20110
10750
23970
25020
23810
25610
24650
23830
23840
25050
23820
23850
25390
19330
19310
25060
19320
23910
20710
24205
12331
12332
12340
12320
12350
20410
12390
12321
12311
12310
25530
12330
12370
12360
12380
25160
24680
25350
25000
11560
11530
11520
24320
11540
24560
11510
24570
24170
11550
11570
24270
24250
11050
24260
11010
25690
11040
11060
11020
11030
18130
25650
24630
24360
23890
21120
23510
23515
25640
24610
18120
21130
21110
24110
23520
23525
23900
23880
24100
18140
18110
24370
25580
25570
25210
10940
10930
20310
10960
25380
10920
10950
10910
25630
10610
10630
23760
25340
25560
10650
23410
10640
23860
10620
21310
25040
21810
24600
11260
23960
25660
23920
11240
24820
11230
11210
11220
11250
24840
25360
24880
24860
12060
25440
12050
12030
12020
12040
25180
12010
12070
24240
10330
25130
23770
10310
10340
24930
10360
25370
10350
25620
23780
10320
10590
24420
23790
24830
24380
21820
24080
25070
18210
18240
24800
23940
18260
18250
24070
18220
10230
10240
10210
10250
10260
10220
21210
21270
21240
21220
21260
21230
21250
25310
23610
23650
23660
23670
23640
23630
23620
11150
24670
24950
11140
11130
24230
24960
24890
25240
11110
11170
24430
11160
11120
10460
23870
21510
25670
25550
25510
10430
24180
25220
10440
10420
25680
10410
10450
24190
24290
24790
24850
24120
11420
25590
25410
24980
24620
11410
25320
11460
11480
11470
24130
24700
24220
11440
21410
11450
11430
23310
23330
23340
23320
25300
11940
11930
11950
11960
11980
24210
11910
25260
11920
11970
21930
24030
24050
24020
24010
24040
24460
21760
25010
21770
21720
21710
21730
21750
21740
19120
21010
24400
24390
12560
12530
12520
12510
12540
25450
25190
24530
24770
12550
23740
23730
23950
23710
23750
23720
25280
25270
11620
23430
25290
24910
24340
24720
24710
24280
11640
24550
24540
24160
24870
25150
24000
11610
11630
11650
11580
24060
11670
25330
24900
25090
25600
24810
11660
24440
24140
19210
19230
24150
21840
21830
11310
11330
11320
25520
24760
24350
24660
11350
24740
20810
24730
24470
11340
11360
24750
12220
12210
12270
12250
12240
12260
12230
21910
21915
21920
21925
24310
24090
25460
24490
24510
24500
24480
12410
12430
12440
12460
12470
12420
24410
25710
25420
12450
19340
20910